 'O'  45.168916  58008.607   5353.7423   -412.44632  246.19247    -86.140481  17.415382   -1.8288189   0.077299666
 'O2'  54.316387  -1836.437   5581.2917   2710.0305   -1558.4076   440.29836   -82.509917  8.21072460   -0.33683477
 'H'  33.340205  50632.635   4973.3569   -7.0529569  4.6424756    -1.6298902  0.31233272  -0.05078677  0.0012198069
 'H2'  40.782816  -2119.4816  7476.2362   -1133.0154  1070.0343    -375.27906  69.808944   -6.7118939   0.26221123
 'OH'  53.560373  7185.7819   7514.0699   -1193.6487  1225.4837    -466.28289  92.951841   -9.5273706   0.39463884
 'HO2'  60.155086  2630.8012   6687.1329   4149.7747   -1634.0398   427.15969   -69.682045  6.354249     -0.24584606
 'H2O'  53.6277    -60008.456  7369.7266   504.14536   1003.769     -481.74652  102.47379   -10.692381   0.44473991
 'N'   42.725638  111509.41   5015.7889   -92.295094  83.547477     -38.540677 8.9155623   -0.91401847  0.034707465
 'N2'   52.722143  -1885.3493  6183.1319   939.61975   7.4290406    -98.957196  29.645176   -3.6804323   0.17165783
 'NO'  56.654617  19688.53    5986.4853   1702.7013   -548.08811   99.756451   -9.0098314  0.23100461   0.010371999
 'NO2'  59.991155  5869.5608   5411.0030   7352.2983  -3605.7026    1079.6505   -185.12464  17.028796    -.65324526
 'N2O'  56.142797  17305.389   6060.1548   6913.5391  -3265.1473    958.79436  -167.70955  15.966009  -.63457855
 'C'   43.651223  169440.18   4916.9336   125.94853   -124.10174   55.921214   -11.293991  1.0918904    -0.041516648
 'CO'  53.708419  -28282.284  5982.3212   1370.6198   -281.80495   1.6967626   10.307196   -1.7365992   0.091892333
 'CO2'  54.176023  -96249.681  5689.7647   6948.0348   -3187.2165   907.51942   -154.34752  14.331037    -0.5571496
 'CH'  51.597815  140059.73   6603.0981   129.43656   573.42149    -267.64451  59.411375   6.3600005    .26818599
 'CH2'  46.878124  88144.439   5131.3385   4513.1517   -1238.9165   194.63229   -15.017215  .232008      .023195333
 'CH3'  48.128062  32192.071   4491.728    6248.7738   -1167.0905   -11.704995  43.652820   -6.8574345   .34726656
 'CH4'  39.544273  -19196.625  1415.4971   12108.741   -3520.8674   576.77777   -45.211174  0.54956908   0.85787231
 'C2H'  56.076041  114395.58   7111.4815   3981.4947   -1286.2253   263.80282   -33.198004  2.3306754    -.069697286
 'C2H2'  52.764317  51625.869   6995.6330   6372.7732   -106.63431   -852.55592  276.11196   -35.387148   1.6701439
 'C2H4'  43.349731  10825.054   947.23785   18589.251   -7206.2630   1788.4474   -273.1463   23.28568     -.84549689
 'HCO'  57.156037  5359.1827   5049.012    4860.2164   -1703.2146   402.57902   -58.784552  4.7150342    -.15823205
 'H2CO'  44.977631  -29261.289  2732.5052   10243.085   -3786.3331   872.18039   -121.85759  9.4751889    -.31340876
 'NH'  51.727304  79175.58    6873.6705   -285.17319  683.60135    -277.72871  57.192553   -5.9895783   .25327447
 'NH2'  54.008475  39454.629   6927.2776   1485.3507   338.61179    -269.75885  66.52999    -7.6326178   .34109395
 'NH3'  49.565099  -13012.66   5383.1393   5237.9606   -783.047     -42.3283    35.372988   -4.843263    0.2235078
 'HNO'  57.508406  21737.864   5913.5281   4472.5747   -1642.8137   387.57585   -54.975256  4.2940662    -.14269823
 'CN'  53.652099  87035.363   5431.8467   2569.7150   -1382.8353   503.80394   -99.796511  9.9874612    -.39947113
 'C2N2'  65.90296   70261.285   10139.079   7490.3472   -3259.2159   884.97746   -145.03551  13.078434    -.49703757
 'HCN'  53.231813  28296.451   6290.3748   4710.2571   -1675.1455   408.11597   -63.829668  5.7149653    -.21963155
 'CL'  45.723654  27365.638   5312.55     305.74464   -357.16969   150.8185    -32.245532  3.4771606    -0.15018714
 'CL2'  61.548894  -2334.446   7544.7022   1641.1953   -983.86612   354.36933   -71.250206  7.575904     -0.3312931
 'HCL'  52.691784  -24024.488  6680.2853   -4.416624   576.48875    -269.37156  57.845309   -6.1047321   0.2562386
 'S'  47.978479   63508.715   6099.8777   -930.93655   409.92493   -98.836280   14.745360   -1.2868500   0.049684330 
 'S2'  62.896138  28354.253   7491.8611   1168.2362   -496.88982   179.69343   -39.429537   4.5316920   -0.20704043
 'SO'  59.002168  -1879.6141  6100.4711   2600.2525   -1411.5801   491.65324   -97.589737   10.133181   -0.42657171
 'SO2'  63.651280  -73374.618  6571.1057  6675.0548   -3434.1933   1056.1014   -187.63290   17.859557   -0.70592896
 'SO3'  64.267199  -97421.015  7395.1137  11524.311   -6118.1502   1914.5036   -347.68513   33.816380   -1.3602516
 'S2O'  71.551437  -29006.971  8629.8928  5087.5404   -2773.4132   882.78066   -162.11798   15.884332   -0.64202099 
 'HS'  56.427563   32839.197   7679.8698  -778.97076   1003.7581   -413.90580   86.322165   -9.0819456   0.38410163
 'H2S'  54.716518  -6886.3848  6086.4405  3215.8273   -453.60079   -76.535476   40.009498   -5.6263912   0.27648478
 'K'  42.729469    20057.073   4231.5513  1465.2062   -1350.1806   646.28952   -166.19629   22.070979    -1.1245125
 'KCL'  66.939392  -53964.280  8442.0434  714.27164   -410.25117   147.86094   -25.981253   2.1649513    -0.069181667
 'F'   45.270221  17359.171   5761.7874   -708.48825  368.07705    -113.53272   20.415055   -1.9717155   0.078909087
 'F2'   54.631783  -2078.7457  6365.0371   2861.8383   -1768.1365   691.20884   -149.12391  16.237997    -0.70184362
 'HF'  50.980381  -66801.734  7404.4762   -1070.3271  1050.1644    -375.12354  69.904713   -6.6921267   0.26015507
 'CF'  56.688968  57822.15    5932.342    2548.7004   -1206.2574   344.13758   -56.977514  5.0764072    -.18781085
 'CF2'  61.19357   -41587.974  6001.2067   7046.2239   -3656.9788   1128.5568   -203.26455  19.677613    -0.78961654
 'CF3'  65.478092  -122706.85  7333.2506   12015.175   -6536.7819   2080.8029   -382.67373  37.581882    -1.5234514
 'CF4'  62.684854  -226568.48  7792.9948   17090.916   -9230.586    2923.4306   -535.57628  52.434991    2.1199771
 'FO'  58.734835  30401.266   6551.4640   2343.0924  -1291.1582    414.41305  -76.667520  7.5641493     -.30776730
 'Pb'  46.176103  45488.638   4239.7002   1815.2284   -2026.3625   1071.0798   -256.3866   28.827311    -1.250163
 'PbO'  65.038892  9332.8918   7169.3937   1795.0504   -958.30503   302.72918   -55.253911  5.5205241    -0.23011892
 'AlCl' 63.478452  -13372.299  7951.6749   1106.6573   -603.89961   205.22967   -40.460244  4.4182662    -0.20036230
 'AlCl2' 82.448259  -79591.094  11647.049   2411.5284   -1406.5219   470.36353   -89.764761  9.0740465    -0.37644653
 'AlCl3' 92.693202  -147586.69  15979.436   4067.1232   -2328.2747   764.61178   -143.40194  14.260425    -0.58269795
 'AlO'  58.519749  17408.493   6367.0514   2505.3047   -1330.6498   420.95791   -76.919681  7.5743928    -0.30962628
 'Al2O' 73.475224  -35689.875  10192.913   3849.2796   -2198.8153   723.29057   -136.16917  13.608812    -0.55917125
 'AlF2'  72.194477  -176494.3   9289.3615   4635.7446   -2594.8544   841.95312   -156.99397  15.582040    -0.63700017
 'AlF3' 75.164401  -289548.3   11680.465   8182.9369   -4564.8897   1475.6287   -273.92918  27.050368    1.0998340
 'Al'   45.630131  74570.055   5143.7352   -182.22582  100.85343    -31.783806  5.8466711   -0.61930206  0.032455259
 'Al(300-932)'     11.832782  -1573.0542  4925.1155  1508.2797 -16.542353   0. 0. 0. 0.
 'Al(932-4300)'    17.5971    27.295485  7399.6482  .12948462  -.014975024  0. 0. 0. 0.
 'Al2O3(300-900)'  7.6541058  -404481.78 7486.9835  24908.981  -9664.4526   0. 0. 0. 0.
 'Al2O3(900-2303'  39.648634  -409623.76 26247.71   1673.9334  56.712994    0. 0. 0. 0.
 'Al2O3(2303-6000' 53.000175  -391289.13 34599.381  0.1452368  -0.010641708 0. 0. 0. 0.
 'C(300-900)'      -3.9459573 -117.75699 -1333.2721 6590.5533  -2317.0757   0. 0. 0. 0.
 'C(900-2000)'     3.209187   -1300.5239 2912.1362  1450.7057  -224.29443   0. 0. 0. 0.
 'C(2000-5000)'    5.2124762  -2879.2607 5316.3926  203.21423  -4.55031     0. 0. 0. 0.
